0.0000 1.9996 1.9997 4999 1 0 1000 0 0 1000 0 0 999 1 0 1000 0 0 1000 0 0
1.0000 1.9988 1.9994 4997 2 1 1000 0 0 1000 0 0 997 2 1 1000 0 0 1000 0 0
2.0000 1.9944 1.9991 4986 12 2 1000 0 0 1000 0 0 986 12 2 1000 0 0 1000 0 0
3.0000 1.98 1.999 4950 20 30 1000 0 0 1000 0 0 950 20 30 1000 0 0 1000 0 0
4.0000 1.9612 1.9986 4903 37 60 999 1 0 1000 0 0 904 36 60 1000 0 0 1000 0 0
5.0000 1.9168 1.9981 4792 90 118 986 9 5 1000 0 0 806 81 113 1000 0 0 1000 0 0
6.0000 1.8328 1.9975 4582 171 247 966 21 13 1000 0 0 617 150 233 1000 0 0 999 0 1
7.0000 1.7356 1.9975 4339 208 453 894 56 50 1000 0 0 446 152 402 1000 0 0 999 0 1
8.0000 1.6516 1.9969 4129 199 672 794 85 121 1000 0 0 337 113 550 999 1 0 999 0 1
9.0000 1.5504 1.9963 3876 238 886 611 154 235 1000 0 0 273 80 647 993 4 3 999 0 1
10.0000 1.466 1.9963 3665 208 1127 442 155 403 1000 0 0 236 48 716 988 5 7 999 0 1
11.0000 1.41 1.9962 3525 167 1308 335 129 536 1000 0 0 223 23 754 968 15 17 999 0 1
12.0000 1.3524 1.9962 3381 162 1457 248 107 645 1000 0 0 210 17 773 924 38 38 999 0 1
13.0000 1.2876 1.9962 3219 158 1623 217 55 728 1000 0 0 206 8 786 797 95 108 999 0 1
14.0000 1.2032 1.9962 3008 172 1820 194 29 777 1000 0 0 202 6 792 613 137 250 999 0 1
15.0000 1.1344 1.9962 2836 165 1999 183 18 799 1000 0 0 200 2 798 454 145 401 999 0 1
16.0000 1.0884 1.9957 2721 127 2152 178 9 813 1000 0 0 200 0 800 346 117 537 997 1 2
17.0000 1.0584 1.996 2646 99 2255 174 7 819 1000 0 0 200 0 800 283 83 634 989 9 2
18.0000 1.028 1.996 2570 84 2346 174 3 823 1000 0 0 200 0 800 239 54 707 957 27 16
19.0000 0.9776 1.992 2444 104 2452 174 1 825 998 1 1 200 0 800 212 29 759 860 73 67
20.0000 0.9044 1.99 2261 142 2597 174 1 825 997 1 2 200 0 800 198 20 782 692 120 188
21.0000 0.824 1.99 2060 186 2754 174 0 826 997 0 3 199 1 800 190 15 795 500 170 330
22.0000 0.7672 1.99 1918 161 2921 174 0 826 997 0 3 198 1 801 181 8 811 368 152 480
23.0000 0.7372 1.984 1843 104 3053 174 0 826 994 2 4 198 1 801 180 6 814 297 95 608
24.0000 0.7208 1.978 1802 56 3142 174 0 826 991 2 7 198 0 802 180 2 818 259 52 689
25.0000 0.71 1.9701 1775 42 3183 174 0 826 987 2 11 198 0 802 180 0 820 236 40 724
26.0000 0.706 1.9661 1765 20 3215 174 0 826 985 3 12 198 0 802 180 0 820 228 17 755
27.0000 0.6992 1.9441 1748 16 3236 174 0 826 974 9 17 198 0 802 180 0 820 222 7 771
28.0000 0.674 1.8223 1685 53 3262 174 0 826 913 48 39 198 0 802 180 0 820 220 5 775
29.0000 0.6472 1.6926 1618 52 3330 174 0 826 848 48 104 198 0 802 180 0 820 218 4 778
30.0000 0.5892 1.4052 1473 111 3416 174 0 826 704 111 185 198 0 802 180 0 820 217 0 783
31.0000 0.5312 1.1158 1328 126 3546 174 0 826 559 126 315 198 0 802 180 0 820 217 0 783
32.0000 0.486 0.8902 1215 109 3676 174 0 826 446 109 445 198 0 802 180 0 820 217 0 783
33.0000 0.456 0.7405 1140 77 3783 174 0 826 371 77 552 198 0 802 180 0 820 217 0 783
34.0000 0.4352 0.6367 1088 62 3850 174 0 826 319 62 619 198 0 802 180 0 820 217 0 783
35.0000 0.422 0.5709 1055 42 3903 174 0 826 286 42 672 198 0 802 180 0 820 217 0 783
36.0000 0.4088 0.505 1022 38 3940 174 0 826 253 38 709 198 0 802 180 0 820 217 0 783
37.0000 0.402 0.4751 1005 23 3972 174 0 826 238 22 740 196 1 803 180 0 820 217 0 783
38.0000 0.3984 0.4571 996 16 3988 174 0 826 229 16 755 196 0 804 180 0 820 217 0 783
39.0000 0.3944 0.4371 986 16 3998 174 0 826 219 16 765 196 0 804 180 0 820 217 0 783
40.0000 0.3928 0.4331 982 9 4009 174 0 826 215 9 776 196 0 804 180 0 820 217 0 783
41.0000 0.3916 0.4331 979 4 4017 174 0 826 212 4 784 196 0 804 180 0 820 217 0 783
42.0000 0.3912 0.4331 978 3 4019 174 0 826 211 3 786 196 0 804 180 0 820 217 0 783
43.0000 0.3892 0.4331 973 4 4023 174 0 826 206 4 790 196 0 804 180 0 820 217 0 783
44.0000 0.388 0.4331 970 4 4026 174 0 826 203 4 793 196 0 804 180 0 820 217 0 783
45.0000 0.3876 0.4331 969 4 4027 174 0 826 202 4 794 196 0 804 180 0 820 217 0 783
46.0000 0.3876 0.4331 969 0 4031 174 0 826 202 0 798 196 0 804 180 0 820 217 0 783
47.0000 0.3876 0.4331 969 0 4031 174 0 826 202 0 798 196 0 804 180 0 820 217 0 783
48.0000 0.3876 0.4331 969 0 4031 174 0 826 202 0 798 196 0 804 180 0 820 217 0 783
49.0000 0.3876 0.4331 969 0 4031 174 0 826 202 0 798 196 0 804 180 0 820 217 0 783
50.0000 0.3876 0.4331 969 0 4031 174 0 826 202 0 798 196 0 804 180 0 820 217 0 783
