0.0000 0.2571
1.0000 0.2669
2.0000 0.2622
3.0000 0.2453
4.0000 0.2367
5.0000 0.2152
6.0000 0.1623
7.0000 0.1353
8.0000 0.1209
9.0000 0.0914
10.0000 0.0867
11.0000 0.0813
12.0000 0.0770
13.0000 0.0634
14.0000 0.0483
15.0000 0.0426
16.0000 0.0422
17.0000 0.0419
18.0000 0.0384
19.0000 0.0326
20.0000 0.0224
21.0000 0.0168
22.0000 0.0161
23.0000 0.0165
24.0000 0.0157
25.0000 0.0156
26.0000 0.0158
27.0000 0.0146
28.0000 0.0122
29.0000 0.0097
30.0000 0.0044
31.0000 0.0010
32.0000 0.0005
33.0000 0.0004
34.0000 0.0004
35.0000 0.0003
36.0000 0.0003
37.0000 0.0003
38.0000 0.0003
39.0000 0.0003
40.0000 0.0003
41.0000 0.0003
42.0000 0.0003
43.0000 0.0003
44.0000 0.0003
45.0000 0.0003
46.0000 0.0003
47.0000 0.0003
48.0000 0.0003
49.0000 0.0003
50.0000 0.0003
