0.00 0.3984 0.3984 0.3752 0.3752
0.01 0.3877 0.3984 0.3605 0.3752
0.02 0.3771 0.3984 0.3493 0.3752
0.03 0.3664 0.3984 0.3389 0.3752
0.04 0.3558 0.3984 0.3330 0.3752
0.05 0.3453 0.3984 0.3142 0.3752
0.06 0.3347 0.3984 0.3051 0.3752
0.07 0.3242 0.3984 0.2926 0.3752
0.08 0.3138 0.3984 0.2837 0.3752
0.09 0.3033 0.3984 0.2684 0.3752
0.10 0.2930 0.3984 0.2565 0.3752
0.11 0.2826 0.3984 0.2463 0.3752
0.12 0.2724 0.3984 0.2359 0.3752
0.13 0.2622 0.3984 0.2210 0.3752
0.14 0.2520 0.3984 0.2111 0.3752
0.15 0.2419 0.3984 0.1942 0.3752
0.16 0.2319 0.3984 0.1899 0.3752
0.17 0.2219 0.3984 0.1721 0.3752
0.18 0.2121 0.3984 0.1594 0.3752
0.19 0.2023 0.3984 0.1469 0.3752
0.20 0.1926 0.3984 0.1299 0.3752
0.21 0.1830 0.3984 0.1150 0.3752
0.22 0.1735 0.3984 0.1029 0.3752
0.23 0.1641 0.3984 0.0861 0.3752
0.24 0.1548 0.3984 0.0707 0.3752
0.25 0.1457 0.3984 0.0586 0.3752
0.26 0.1367 0.3984 0.0482 0.3752
0.27 0.1278 0.3984 0.0400 0.3752
0.28 0.1191 0.3984 0.0300 0.3752
0.29 0.1106 0.3984 0.0230 0.3752
0.30 0.1022 0.3984 0.0184 0.3752
0.31 0.0940 0.3984 0.0134 0.3752
0.32 0.0860 0.3984 0.0100 0.3752
0.33 0.0783 0.3984 0.0086 0.3752
0.34 0.0707 0.3984 0.0069 0.3752
0.35 0.0634 0.3984 0.0055 0.3752
0.36 0.0564 0.3984 0.0044 0.3752
0.37 0.0497 0.3984 0.0035 0.3752
0.38 0.0432 0.3984 0.0031 0.3752
0.39 0.0371 0.3984 0.0025 0.3752
0.40 0.0314 0.3984 0.0024 0.3752
0.41 0.0260 0.3984 0.0019 0.3752
0.42 0.0210 0.3984 0.0017 0.3752
0.43 0.0165 0.3984 0.0015 0.3752
0.44 0.0124 0.3984 0.0013 0.3752
0.45 0.0088 0.3984 0.0012 0.3752
0.46 0.0058 0.3984 0.0011 0.3752
0.47 0.0033 0.3984 0.0010 0.3752
0.48 0.0015 0.3984 0.0009 0.3752
0.49 0.0004 0.3984 0.0008 0.3752
0.50 0.0000 0.3984 0.0007 0.3752
0.51 0.0000 0.3984 0.0007 0.3752
0.52 0.0000 0.3984 0.0006 0.3752
0.53 0.0000 0.3984 0.0006 0.3752
0.54 0.0000 0.3984 0.0006 0.3752
0.55 0.0000 0.3984 0.0005 0.3752
0.56 0.0000 0.3984 0.0005 0.3752
0.57 0.0000 0.3984 0.0005 0.3752
0.58 -0.0000 0.3984 0.0004 0.3752
0.59 0.0000 0.3984 0.0004 0.3752
0.60 0.0000 0.3984 0.0004 0.3752
0.61 0.0000 0.3984 0.0004 0.3752
0.62 0.0000 0.3984 0.0003 0.3752
0.63 -0.0000 0.3984 0.0003 0.3752
0.64 -0.0000 0.3984 0.0003 0.3752
0.65 0.0000 0.3984 0.0003 0.3752
0.66 0.0000 0.3984 0.0003 0.3752
0.67 0.0000 0.3984 0.0003 0.3752
0.68 0.0000 0.3984 0.0003 0.3752
0.69 0.0000 0.3984 0.0002 0.3752
0.70 0.0000 0.3984 0.0002 0.3752
0.71 0.0000 0.3984 0.0002 0.3752
0.72 0.0000 0.3984 0.0002 0.3752
0.73 -0.0000 0.3984 0.0002 0.3752
0.74 0.0000 0.3984 0.0002 0.3752
0.75 0.0000 0.3984 0.0002 0.3752
0.76 0.0000 0.3984 0.0002 0.3752
0.77 0.0000 0.3984 0.0002 0.3752
0.78 0.0000 0.3984 0.0002 0.3752
0.79 0.0000 0.3984 0.0002 0.3752
0.80 0.0000 0.3984 0.0002 0.3752
0.81 0.0000 0.3984 0.0002 0.3752
0.82 0.0000 0.3984 0.0002 0.3752
0.83 0.0000 0.3984 0.0001 0.3752
0.84 0.0000 0.3984 0.0001 0.3752
0.85 0.0000 0.3984 0.0001 0.3752
0.86 0.0000 0.3984 0.0001 0.3752
0.87 0.0000 0.3984 0.0001 0.3752
0.88 0.0000 0.3984 0.0001 0.3752
0.89 0.0000 0.3984 0.0001 0.3752
0.90 0.0000 0.3984 0.0001 0.3752
0.91 0.0000 0.3984 0.0001 0.3752
0.92 0.0000 0.3984 0.0001 0.3752
0.93 0.0000 0.3984 0.0001 0.3752
0.94 0.0000 0.3984 0.0001 0.3752
0.95 0.0000 0.3984 0.0001 0.3752
0.96 0.0000 0.3984 0.0001 0.3752
0.97 0.0000 0.3984 0.0001 0.3752
0.98 0.0000 0.3984 0.0001 0.3752
0.99 0.0000 0.3984 0.0001 0.3752
1.00 0.0000 0.3984 0.0000 0.3752
