0.00 0.3984 0.3916 0.3984 0.3864 0.3864
0.01 0.3877 0.3798 0.3984 0.3863 0.3864
0.02 0.3771 0.3678 0.3984 0.3596 0.3864
0.03 0.3664 0.3556 0.3984 0.3511 0.3864
0.04 0.3558 0.3432 0.3984 0.3404 0.3864
0.05 0.3453 0.3307 0.3984 0.3320 0.3864
0.06 0.3347 0.3178 0.3984 0.3148 0.3864
0.07 0.3242 0.3048 0.3984 0.2995 0.3864
0.08 0.3138 0.2915 0.3984 0.2851 0.3864
0.09 0.3033 0.2779 0.3984 0.2717 0.3864
0.10 0.2930 0.2641 0.3984 0.2582 0.3864
0.11 0.2826 0.2499 0.3984 0.2408 0.3864
0.12 0.2724 0.2356 0.3984 0.2314 0.3864
0.13 0.2622 0.2210 0.3984 0.2166 0.3864
0.14 0.2520 0.2063 0.3984 0.1976 0.3864
0.15 0.2419 0.1915 0.3984 0.1912 0.3864
0.16 0.2319 0.1767 0.3984 0.1717 0.3864
0.17 0.2219 0.1621 0.3984 0.1539 0.3864
0.18 0.2121 0.1476 0.3984 0.1422 0.3864
0.19 0.2023 0.1335 0.3984 0.1264 0.3864
0.20 0.1926 0.1198 0.3984 0.1109 0.3864
0.21 0.1830 0.1067 0.3984 0.0982 0.3864
0.22 0.1735 0.0944 0.3984 0.0854 0.3864
0.23 0.1641 0.0828 0.3984 0.0780 0.3864
0.24 0.1548 0.0721 0.3984 0.0676 0.3864
0.25 0.1457 0.0624 0.3984 0.0559 0.3864
0.26 0.1367 0.0536 0.3984 0.0496 0.3864
0.27 0.1278 0.0457 0.3984 0.0390 0.3864
0.28 0.1191 0.0388 0.3984 0.0348 0.3864
0.29 0.1106 0.0327 0.3984 0.0280 0.3864
0.30 0.1022 0.0275 0.3984 0.0251 0.3864
0.31 0.0940 0.0231 0.3984 0.0219 0.3864
0.32 0.0860 0.0193 0.3984 0.0175 0.3864
0.33 0.0783 0.0160 0.3984 0.0150 0.3864
0.34 0.0707 0.0133 0.3984 0.0124 0.3864
0.35 0.0634 0.0110 0.3984 0.0109 0.3864
0.36 0.0564 0.0091 0.3984 0.0088 0.3864
0.37 0.0497 0.0075 0.3984 0.0074 0.3864
0.38 0.0432 0.0061 0.3984 0.0059 0.3864
0.39 0.0371 0.0049 0.3984 0.0052 0.3864
0.40 0.0314 0.0040 0.3984 0.0048 0.3864
0.41 0.0260 0.0031 0.3984 0.0040 0.3864
0.42 0.0210 0.0024 0.3984 0.0035 0.3864
0.43 0.0165 0.0018 0.3984 0.0029 0.3864
0.44 0.0124 0.0013 0.3984 0.0026 0.3864
0.45 0.0088 0.0009 0.3984 0.0022 0.3864
0.46 0.0058 0.0006 0.3984 0.0020 0.3864
0.47 0.0033 0.0003 0.3984 0.0017 0.3864
0.48 0.0015 0.0002 0.3984 0.0015 0.3864
0.49 0.0004 0.0000 0.3984 0.0014 0.3864
0.50 0.0000 0.0000 0.3984 0.0012 0.3864
0.51 0.0000 0.0000 0.3984 0.0010 0.3864
0.52 0.0000 0.0000 0.3984 0.0009 0.3864
0.53 0.0000 0.0000 0.3984 0.0009 0.3864
0.54 0.0000 0.0000 0.3984 0.0008 0.3864
0.55 0.0000 0.0000 0.3984 0.0007 0.3864
0.56 0.0000 0.0000 0.3984 0.0006 0.3864
0.57 0.0000 0.0000 0.3984 0.0006 0.3864
0.58 -0.0000 -0.0000 0.3984 0.0005 0.3864
0.59 0.0000 0.0000 0.3984 0.0005 0.3864
0.60 0.0000 0.0000 0.3984 0.0005 0.3864
0.61 0.0000 0.0000 0.3984 0.0004 0.3864
0.62 0.0000 0.0000 0.3984 0.0004 0.3864
0.63 -0.0000 -0.0000 0.3984 0.0004 0.3864
0.64 -0.0000 -0.0000 0.3984 0.0003 0.3864
0.65 0.0000 0.0000 0.3984 0.0003 0.3864
0.66 0.0000 0.0000 0.3984 0.0003 0.3864
0.67 0.0000 0.0000 0.3984 0.0003 0.3864
0.68 0.0000 0.0000 0.3984 0.0003 0.3864
0.69 0.0000 0.0000 0.3984 0.0003 0.3864
0.70 0.0000 0.0000 0.3984 0.0002 0.3864
0.71 0.0000 0.0000 0.3984 0.0002 0.3864
0.72 0.0000 0.0000 0.3984 0.0002 0.3864
0.73 -0.0000 -0.0000 0.3984 0.0002 0.3864
0.74 0.0000 0.0000 0.3984 0.0002 0.3864
0.75 0.0000 0.0000 0.3984 0.0002 0.3864
0.76 0.0000 0.0000 0.3984 0.0002 0.3864
0.77 0.0000 0.0000 0.3984 0.0002 0.3864
0.78 0.0000 0.0000 0.3984 0.0002 0.3864
0.79 0.0000 0.0000 0.3984 0.0002 0.3864
0.80 0.0000 0.0000 0.3984 0.0002 0.3864
0.81 0.0000 0.0000 0.3984 0.0002 0.3864
0.82 0.0000 0.0000 0.3984 0.0002 0.3864
0.83 0.0000 0.0000 0.3984 0.0002 0.3864
0.84 0.0000 0.0000 0.3984 0.0001 0.3864
0.85 0.0000 0.0000 0.3984 0.0001 0.3864
0.86 0.0000 0.0000 0.3984 0.0001 0.3864
0.87 0.0000 0.0000 0.3984 0.0001 0.3864
0.88 -0.0000 -0.0000 0.3984 0.0001 0.3864
0.89 0.0000 0.0000 0.3984 0.0001 0.3864
0.90 -0.0000 -0.0000 0.3984 0.0001 0.3864
0.91 0.0000 0.0000 0.3984 0.0001 0.3864
0.92 0.0000 0.0000 0.3984 0.0001 0.3864
0.93 0.0000 0.0000 0.3984 0.0001 0.3864
0.94 0.0000 0.0000 0.3984 0.0001 0.3864
0.95 0.0000 0.0000 0.3984 0.0001 0.3864
0.96 0.0000 0.0000 0.3984 0.0001 0.3864
0.97 0.0000 0.0000 0.3984 0.0001 0.3864
0.98 0.0000 0.0000 0.3984 0.0001 0.3864
0.99 0.0000 0.0000 0.3984 0.0001 0.3864
1.00 0.0000 0.0000 0.3984 0.0000 0.3864
