0.0 10.7006 10.7006 2.0028 2.0028
48.4615 0.2633 0.0407 -1.0000 1.4171
40.4372 0.7125 0.0621 1.9846 1.5688
54.7854 0.1098 0.0302 1.9579 1.3450
27.8219 2.1858 0.1409 1.9947 1.7921
32.2753 0.8562 0.1033 -1.0000 1.6473
1.4737 9.5181 7.7380 2.0023 1.9839
59.2308 0.1077 0.0249 -1.0000 1.3058
10.6802 5.6736 1.0537 2.0009 -1.0000
52.1053 0.1858 0.0327 1.9592 1.4174
48.5506 0.3103 0.0402 -1.0000 -1.0000
33.4089 1.2866 0.0957 1.9907 1.6796
2.5668 9.3338 6.0485 2.0020 -1.0000
55.5951 0.1511 0.0292 1.9703 1.3056
25.9838 1.6111 0.1688 1.9913 1.7191
50.4453 0.4030 0.0358 1.9812 1.3440
2.2591 9.1745 6.3705 2.0022 1.9746
6.9717 6.8390 2.0874 2.0009 -1.0000
3.4899 8.4102 4.9212 2.0009 -1.0000
14.8421 3.4927 0.5250 1.9945 1.8501
5.9676 6.7708 2.6906 1.9990 -1.0000
46.8340 0.3824 0.0446 -1.0000 1.4571
44.8664 0.5922 0.0498 1.9847 1.5308
52.5506 0.1999 0.0326 1.9614 1.4217
1.3603 9.7647 7.7576 2.0023 1.9847
17.5304 4.0455 0.3898 1.9990 -1.0000
1.0688 9.0857 8.5438 2.0013 1.9894
28.1296 1.3358 0.1411 1.9888 -1.0000
4.4939 7.8482 3.6482 2.0005 -1.0000
27.8219 1.8172 0.1404 1.9921 1.6924
30.8340 2.2125 0.1163 1.9948 -1.0000
6.6235 6.9627 2.2758 2.0001 -1.0000
11.8219 4.4655 0.8447 1.9970 -1.0000
45.7328 0.3853 0.0447 1.9779 -1.0000
6.2105 6.4893 2.5405 2.0005 -1.0000
1.7004 9.2440 7.3875 2.0017 1.9814
2.7368 8.8405 5.5033 2.0023 1.9666
8.0972 7.1077 1.6550 2.0013 -1.0000
22.4130 3.1202 0.2195 1.9983 1.7242
45.4251 0.4096 0.0475 1.9844 1.4926
3.1255 8.4726 5.1264 2.0014 -1.0000
47.8381 0.3957 0.0425 1.9818 1.5300
41.1336 0.6635 0.0576 1.9860 1.5658
56.6883 0.0977 0.0289 -1.0000 1.3046
14.0243 4.2033 0.6122 1.9965 1.8691
48.4696 0.2935 0.0404 -1.0000 1.4181
52.7530 0.2026 0.0339 -1.0000 1.2685
48.0972 0.2855 0.0402 -1.0000 1.4928
5.8219 6.5262 2.7019 1.9993 1.9289
24.1296 2.5933 0.1905 1.9965 1.7219
58.8664 0.1090 0.0268 -1.0000 1.2666
42.6316 0.5105 0.0536 1.9840 1.4985
19.3036 3.3778 0.3142 1.9970 -1.0000
53.3522 0.2195 0.0325 -1.0000 1.3800
34.8745 1.4694 0.0887 1.9913 1.5346
10.3806 5.6355 1.0384 1.9990 1.8967
18.5101 3.0104 0.3241 1.9935 1.8401
5.4008 7.7798 3.2086 1.9999 -1.0000
15.5547 2.9883 0.4865 -1.0000 -1.0000
52.3887 0.1890 0.0335 -1.0000 1.3071
6.1457 7.0935 2.4903 2.0016 -1.0000
58.5749 0.1053 0.0267 1.9444 1.2705
30.1296 1.3133 0.1174 1.9872 1.6489
43.4332 0.4295 0.0514 1.9802 -1.0000
57.0688 0.1025 0.0275 -1.0000 1.3430
27.4980 1.5865 0.1441 1.9913 -1.0000
8.3077 6.3328 1.6245 2.0006 -1.0000
55.6113 0.1214 0.0294 1.9558 1.4538
7.8866 5.6012 1.8415 1.9968 -1.0000
26.9474 1.4151 0.1561 1.9890 1.7589
50.2105 0.2911 0.0364 1.9768 1.4188
44.2267 0.3928 0.0499 -1.0000 1.5656
52.1377 0.1978 0.0348 -1.0000 1.3415
61.3765 0.1179 0.0236 1.9631 1.2318
60.6559 0.0887 0.0240 -1.0000 1.3788
55.7247 0.1328 0.0293 1.9610 1.3059
53.4818 0.1432 0.0330 -1.0000 -1.0000
60.3077 0.0943 0.0253 1.9510 1.2303
37.4332 0.8242 0.0760 -1.0000 -1.0000
26.6721 1.1828 0.1538 -1.0000 1.7242
44.0162 0.4591 0.0506 1.9847 1.5300
35.7733 1.1623 0.0807 1.9937 1.6785
47.3279 0.5095 0.0442 1.9800 1.5300
36.1538 0.8333 0.0809 1.9853 -1.0000
44.7530 0.5234 0.0503 1.9861 1.4961
62.6802 0.0955 0.0226 1.9648 1.1918
30.6478 1.5149 0.1148 1.9908 1.6481
46.7449 0.3548 0.0431 -1.0000 1.4560
32.5020 1.0147 0.1022 1.9855 1.6453
20.6235 2.1754 0.2743 1.9914 1.8032
41.2470 0.5626 0.0593 1.9834 1.5304
20.5101 2.5513 0.2779 1.9946 1.8286
26.0810 2.0890 0.1604 1.9943 -1.0000
38.1781 0.7757 0.0696 -1.0000 1.6039
40.8907 0.9198 0.0582 1.9891 1.5306
56.7611 0.1241 0.0276 -1.0000 1.3420
57.8947 0.1297 0.0266 -1.0000 -1.0000
26.2267 1.9254 0.1605 1.9934 1.6899
34.5911 0.7536 0.0879 1.9858 1.5744
14.3806 3.6286 0.5586 1.9982 1.8827
32.5587 1.2023 0.1024 1.9902 1.6802
36.7287 1.0609 0.0757 1.9922 1.6058
11.4575 5.5116 0.8900 1.9986 1.8911
32.7126 0.9233 0.0979 1.9846 1.6447
20.9717 2.4962 0.2687 1.9929 -1.0000
35.1336 0.9258 0.0812 -1.0000 -1.0000
12.0810 4.9494 0.7806 1.9979 -1.0000
13.7652 4.2412 0.6269 1.9951 -1.0000
35.1336 0.9276 0.0876 1.9868 1.6480
14.5911 3.7031 0.5575 1.9975 1.8795
29.6032 2.2405 0.1210 1.9973 -1.0000
35.7814 0.8874 0.0803 1.9870 1.5703
37.9271 1.0131 0.0708 1.9847 -1.0000
23.3603 2.9534 0.2036 1.9966 1.7647
37.3198 0.9495 0.0741 1.9880 1.6040
16.9636 3.8007 0.4141 1.9976 -1.0000
15.5061 4.1261 0.4945 1.9980 1.8475
24.5101 1.6994 0.1911 1.9914 -1.0000
20.7530 2.6357 0.2803 1.9935 -1.0000
60.1619 0.0791 0.0241 -1.0000 1.3427
20.2591 3.1217 0.2854 1.9958 -1.0000
23.8704 2.6341 0.2070 1.9951 1.7324
16.1781 3.5116 0.4507 1.9980 -1.0000
18.9231 2.6146 0.3328 1.9955 -1.0000
63.8381 0.0625 0.0214 -1.0000 1.1653
18.9879 4.1345 0.3317 2.0004 1.7972
60.0162 0.0763 0.0250 -1.0000 1.3440
18.8178 2.9944 0.3240 1.9956 1.8004
63.3603 0.0559 0.0218 -1.0000 1.2298
65.0931 0.0580 0.0203 -1.0000 1.2303
64.2186 0.0603 0.0212 -1.0000 1.2667
