0.00 0.3984 0.3984 0.3984 0.3958 0.3958
0.01 0.3877 0.3877 0.3984 0.3937 0.3958
0.02 0.3771 0.3771 0.3984 0.3722 0.3958
0.03 0.3664 0.3664 0.3984 0.3680 0.3958
0.04 0.3558 0.3558 0.3984 0.3586 0.3958
0.05 0.3453 0.3453 0.3984 0.3491 0.3958
0.06 0.3347 0.3347 0.3984 0.3387 0.3958
0.07 0.3242 0.3242 0.3984 0.3225 0.3958
0.08 0.3138 0.3138 0.3984 0.3086 0.3958
0.09 0.3033 0.3033 0.3984 0.3053 0.3958
0.10 0.2930 0.2930 0.3984 0.2979 0.3958
0.11 0.2826 0.2826 0.3984 0.2798 0.3958
0.12 0.2724 0.2724 0.3984 0.2763 0.3958
0.13 0.2622 0.2622 0.3984 0.2605 0.3958
0.14 0.2520 0.2520 0.3984 0.2535 0.3958
0.15 0.2419 0.2419 0.3984 0.2375 0.3958
0.16 0.2319 0.2319 0.3984 0.2366 0.3958
0.17 0.2219 0.2219 0.3984 0.2232 0.3958
0.18 0.2121 0.2121 0.3984 0.2112 0.3958
0.19 0.2023 0.2023 0.3984 0.1981 0.3958
0.20 0.1926 0.1926 0.3984 0.1906 0.3958
0.21 0.1830 0.1830 0.3984 0.1790 0.3958
0.22 0.1735 0.1735 0.3984 0.1713 0.3958
0.23 0.1641 0.1641 0.3984 0.1607 0.3958
0.24 0.1548 0.1548 0.3984 0.1540 0.3958
0.25 0.1457 0.1457 0.3984 0.1459 0.3958
0.26 0.1367 0.1367 0.3984 0.1347 0.3958
0.27 0.1278 0.1278 0.3984 0.1261 0.3958
0.28 0.1191 0.1191 0.3984 0.1218 0.3958
0.29 0.1106 0.1106 0.3984 0.1109 0.3958
0.30 0.1022 0.1022 0.3984 0.0999 0.3958
0.31 0.0940 0.0940 0.3984 0.0927 0.3958
0.32 0.0860 0.0860 0.3984 0.0861 0.3958
0.33 0.0783 0.0783 0.3984 0.0794 0.3958
0.34 0.0707 0.0707 0.3984 0.0700 0.3958
0.35 0.0634 0.0634 0.3984 0.0636 0.3958
0.36 0.0564 0.0564 0.3984 0.0552 0.3958
0.37 0.0497 0.0497 0.3984 0.0486 0.3958
0.38 0.0432 0.0432 0.3984 0.0430 0.3958
0.39 0.0371 0.0371 0.3984 0.0349 0.3958
0.40 0.0314 0.0314 0.3984 0.0304 0.3958
0.41 0.0260 0.0260 0.3984 0.0258 0.3958
0.42 0.0210 0.0210 0.3984 0.0201 0.3958
0.43 0.0165 0.0165 0.3984 0.0158 0.3958
0.44 0.0124 0.0124 0.3984 0.0125 0.3958
0.45 0.0088 0.0088 0.3984 0.0096 0.3958
0.46 0.0058 0.0058 0.3984 0.0073 0.3958
0.47 0.0033 0.0033 0.3984 0.0054 0.3958
0.48 0.0015 0.0015 0.3984 0.0040 0.3958
0.49 0.0004 0.0004 0.3984 0.0031 0.3958
0.50 0.0000 0.0000 0.3984 0.0022 0.3958
0.51 0.0000 0.0000 0.3984 0.0018 0.3958
0.52 0.0000 0.0000 0.3984 0.0015 0.3958
0.53 0.0000 0.0000 0.3984 0.0013 0.3958
0.54 0.0000 0.0000 0.3984 0.0011 0.3958
0.55 0.0000 0.0000 0.3984 0.0009 0.3958
0.56 0.0000 0.0000 0.3984 0.0007 0.3958
0.57 0.0000 0.0000 0.3984 0.0007 0.3958
0.58 -0.0000 -0.0000 0.3984 0.0006 0.3958
0.59 0.0000 0.0000 0.3984 0.0005 0.3958
0.60 0.0000 0.0000 0.3984 0.0005 0.3958
0.61 0.0000 0.0000 0.3984 0.0004 0.3958
0.62 0.0000 0.0000 0.3984 0.0004 0.3958
0.63 -0.0000 -0.0000 0.3984 0.0004 0.3958
0.64 -0.0000 -0.0000 0.3984 0.0004 0.3958
0.65 0.0000 0.0000 0.3984 0.0003 0.3958
0.66 0.0000 0.0000 0.3984 0.0003 0.3958
0.67 0.0000 0.0000 0.3984 0.0003 0.3958
0.68 0.0000 0.0000 0.3984 0.0003 0.3958
0.69 0.0000 0.0000 0.3984 0.0003 0.3958
0.70 0.0000 0.0000 0.3984 0.0003 0.3958
0.71 0.0000 0.0000 0.3984 0.0002 0.3958
0.72 0.0000 0.0000 0.3984 0.0002 0.3958
0.73 -0.0000 -0.0000 0.3984 0.0002 0.3958
0.74 0.0000 0.0000 0.3984 0.0002 0.3958
0.75 0.0000 0.0000 0.3984 0.0002 0.3958
0.76 0.0000 0.0000 0.3984 0.0002 0.3958
0.77 0.0000 0.0000 0.3984 0.0002 0.3958
0.78 0.0000 0.0000 0.3984 0.0002 0.3958
0.79 0.0000 0.0000 0.3984 0.0002 0.3958
0.80 0.0000 0.0000 0.3984 0.0002 0.3958
0.81 0.0000 0.0000 0.3984 0.0002 0.3958
0.82 0.0000 0.0000 0.3984 0.0002 0.3958
0.83 0.0000 0.0000 0.3984 0.0002 0.3958
0.84 0.0000 0.0000 0.3984 0.0001 0.3958
0.85 0.0000 0.0000 0.3984 0.0001 0.3958
0.86 0.0000 0.0000 0.3984 0.0001 0.3958
0.87 0.0000 0.0000 0.3984 0.0001 0.3958
0.88 -0.0000 -0.0000 0.3984 0.0001 0.3958
0.89 0.0000 0.0000 0.3984 0.0001 0.3958
0.90 -0.0000 -0.0000 0.3984 0.0001 0.3958
0.91 0.0000 0.0000 0.3984 0.0001 0.3958
0.92 0.0000 0.0000 0.3984 0.0001 0.3958
0.93 0.0000 0.0000 0.3984 0.0001 0.3958
0.94 0.0000 0.0000 0.3984 0.0001 0.3958
0.95 0.0000 0.0000 0.3984 0.0001 0.3958
0.96 0.0000 0.0000 0.3984 0.0001 0.3958
0.97 0.0000 0.0000 0.3984 0.0001 0.3958
0.98 0.0000 0.0000 0.3984 0.0001 0.3958
0.99 0.0000 0.0000 0.3984 0.0001 0.3958
1.00 0.0000 0.0000 0.3984 0.0000 0.3958
