0.00 0.3984 0.3902 0.3984 0.3861 0.3861
0.01 0.3877 0.3787 0.3984 0.3804 0.3861
0.02 0.3771 0.3672 0.3984 0.3632 0.3861
0.03 0.3664 0.3558 0.3984 0.3541 0.3861
0.04 0.3558 0.3442 0.3984 0.3387 0.3861
0.05 0.3453 0.3327 0.3984 0.3330 0.3861
0.06 0.3347 0.3212 0.3984 0.3247 0.3861
0.07 0.3242 0.3097 0.3984 0.3149 0.3861
0.08 0.3138 0.2982 0.3984 0.2958 0.3861
0.09 0.3033 0.2867 0.3984 0.2876 0.3861
0.10 0.2930 0.2752 0.3984 0.2747 0.3861
0.11 0.2826 0.2637 0.3984 0.2675 0.3861
0.12 0.2724 0.2523 0.3984 0.2562 0.3861
0.13 0.2622 0.2410 0.3984 0.2444 0.3861
0.14 0.2520 0.2297 0.3984 0.2328 0.3861
0.15 0.2419 0.2185 0.3984 0.2155 0.3861
0.16 0.2319 0.2075 0.3984 0.2079 0.3861
0.17 0.2219 0.1965 0.3984 0.1956 0.3861
0.18 0.2121 0.1857 0.3984 0.1875 0.3861
0.19 0.2023 0.1750 0.3984 0.1729 0.3861
0.20 0.1926 0.1645 0.3984 0.1653 0.3861
0.21 0.1830 0.1542 0.3984 0.1518 0.3861
0.22 0.1735 0.1441 0.3984 0.1438 0.3861
0.23 0.1641 0.1342 0.3984 0.1336 0.3861
0.24 0.1548 0.1246 0.3984 0.1233 0.3861
0.25 0.1457 0.1153 0.3984 0.1146 0.3861
0.26 0.1367 0.1062 0.3984 0.1061 0.3861
0.27 0.1278 0.0975 0.3984 0.0989 0.3861
0.28 0.1191 0.0891 0.3984 0.0876 0.3861
0.29 0.1106 0.0810 0.3984 0.0792 0.3861
0.30 0.1022 0.0733 0.3984 0.0733 0.3861
0.31 0.0940 0.0660 0.3984 0.0645 0.3861
0.32 0.0860 0.0591 0.3984 0.0573 0.3861
0.33 0.0783 0.0525 0.3984 0.0515 0.3861
0.34 0.0707 0.0464 0.3984 0.0453 0.3861
0.35 0.0634 0.0406 0.3984 0.0384 0.3861
0.36 0.0564 0.0353 0.3984 0.0342 0.3861
0.37 0.0497 0.0303 0.3984 0.0297 0.3861
0.38 0.0432 0.0258 0.3984 0.0250 0.3861
0.39 0.0371 0.0216 0.3984 0.0205 0.3861
0.40 0.0314 0.0179 0.3984 0.0174 0.3861
0.41 0.0260 0.0145 0.3984 0.0139 0.3861
0.42 0.0210 0.0115 0.3984 0.0112 0.3861
0.43 0.0165 0.0088 0.3984 0.0087 0.3861
0.44 0.0124 0.0065 0.3984 0.0071 0.3861
0.45 0.0088 0.0046 0.3984 0.0056 0.3861
0.46 0.0058 0.0030 0.3984 0.0046 0.3861
0.47 0.0033 0.0017 0.3984 0.0038 0.3861
0.48 0.0015 0.0008 0.3984 0.0033 0.3861
0.49 0.0004 0.0002 0.3984 0.0025 0.3861
0.50 0.0000 0.0000 0.3984 0.0020 0.3861
0.51 0.0000 0.0000 0.3984 0.0016 0.3861
0.52 0.0000 0.0000 0.3984 0.0013 0.3861
0.53 0.0000 0.0000 0.3984 0.0011 0.3861
0.54 0.0000 0.0000 0.3984 0.0009 0.3861
0.55 0.0000 0.0000 0.3984 0.0009 0.3861
0.56 0.0000 0.0000 0.3984 0.0007 0.3861
0.57 0.0000 0.0000 0.3984 0.0007 0.3861
0.58 -0.0000 -0.0000 0.3984 0.0006 0.3861
0.59 0.0000 0.0000 0.3984 0.0005 0.3861
0.60 0.0000 0.0000 0.3984 0.0005 0.3861
0.61 0.0000 0.0000 0.3984 0.0004 0.3861
0.62 0.0000 0.0000 0.3984 0.0004 0.3861
0.63 -0.0000 -0.0000 0.3984 0.0004 0.3861
0.64 -0.0000 -0.0000 0.3984 0.0004 0.3861
0.65 0.0000 0.0000 0.3984 0.0003 0.3861
0.66 0.0000 0.0000 0.3984 0.0003 0.3861
0.67 0.0000 0.0000 0.3984 0.0003 0.3861
0.68 0.0000 0.0000 0.3984 0.0003 0.3861
0.69 0.0000 0.0000 0.3984 0.0003 0.3861
0.70 0.0000 0.0000 0.3984 0.0002 0.3861
0.71 0.0000 0.0000 0.3984 0.0002 0.3861
0.72 0.0000 0.0000 0.3984 0.0002 0.3861
0.73 -0.0000 -0.0000 0.3984 0.0002 0.3861
0.74 0.0000 0.0000 0.3984 0.0002 0.3861
0.75 0.0000 0.0000 0.3984 0.0002 0.3861
0.76 0.0000 0.0000 0.3984 0.0002 0.3861
0.77 0.0000 0.0000 0.3984 0.0002 0.3861
0.78 0.0000 0.0000 0.3984 0.0002 0.3861
0.79 0.0000 0.0000 0.3984 0.0002 0.3861
0.80 0.0000 0.0000 0.3984 0.0002 0.3861
0.81 0.0000 0.0000 0.3984 0.0002 0.3861
0.82 0.0000 0.0000 0.3984 0.0002 0.3861
0.83 0.0000 0.0000 0.3984 0.0002 0.3861
0.84 0.0000 0.0000 0.3984 0.0001 0.3861
0.85 0.0000 0.0000 0.3984 0.0001 0.3861
0.86 0.0000 0.0000 0.3984 0.0001 0.3861
0.87 0.0000 0.0000 0.3984 0.0001 0.3861
0.88 -0.0000 -0.0000 0.3984 0.0001 0.3861
0.89 0.0000 0.0000 0.3984 0.0001 0.3861
0.90 -0.0000 -0.0000 0.3984 0.0001 0.3861
0.91 0.0000 0.0000 0.3984 0.0001 0.3861
0.92 0.0000 0.0000 0.3984 0.0001 0.3861
0.93 0.0000 0.0000 0.3984 0.0001 0.3861
0.94 0.0000 0.0000 0.3984 0.0001 0.3861
0.95 0.0000 0.0000 0.3984 0.0001 0.3861
0.96 0.0000 0.0000 0.3984 0.0001 0.3861
0.97 0.0000 0.0000 0.3984 0.0001 0.3861
0.98 0.0000 0.0000 0.3984 0.0001 0.3861
0.99 0.0000 0.0000 0.3984 0.0001 0.3861
1.00 0.0000 0.0000 0.3984 0.0000 0.3861
